version https://git-lfs.github.com/spec/v1
oid sha256:c96f70e4d3f2961914e9f6c2e1917b2a5a944d189068e799e8de544bfb4322d0
size 74603
